C:\Users\11741\PycharmProjects\Stochastic_computing\venv\Scripts\python.exe C:/Users/11741/PycharmProjects/Stochastic_computing/Studies/Progressive_precision/Evaluate_function__point_distribution.py
N = 5
polynomials = [[0, 1, 2], [0, 1, 3], [0, 2, 3], [1, 2, 3], [1], [2]]
seeds = [[0, 0, 0, 0, 1], [0, 0, 0, 1, 0], [0, 0, 0, 1, 1], [0, 0, 1, 0, 0], [0, 0, 1, 0, 1], [0, 0, 1, 1, 0], [0, 0, 1, 1, 1], [0, 1, 0, 0, 0], [0, 1, 0, 0, 1], [0, 1, 0, 1, 0], [0, 1, 0, 1, 1], [0, 1, 1, 0, 0], [0, 1, 1, 0, 1], [0, 1, 1, 1, 0], [0, 1, 1, 1, 1], [1, 0, 0, 0, 0], [1, 0, 0, 0, 1], [1, 0, 0, 1, 0], [1, 0, 0, 1, 1], [1, 0, 1, 0, 0], [1, 0, 1, 0, 1], [1, 0, 1, 1, 0], [1, 0, 1, 1, 1], [1, 1, 0, 0, 0], [1, 1, 0, 0, 1], [1, 1, 0, 1, 0], [1, 1, 0, 1, 1], [1, 1, 1, 0, 0], [1, 1, 1, 0, 1], [1, 1, 1, 1, 0], [1, 1, 1, 1, 1]]
scramblings = [(0, 1, 2, 3, 4), (0, 1, 2, 4, 3), (0, 1, 3, 2, 4), (0, 1, 3, 4, 2), (0, 1, 4, 2, 3), (0, 1, 4, 3, 2), (0, 2, 1, 3, 4), (0, 2, 1, 4, 3), (0, 2, 3, 1, 4), (0, 2, 3, 4, 1), (0, 2, 4, 1, 3), (0, 2, 4, 3, 1), (0, 3, 1, 2, 4), (0, 3, 1, 4, 2), (0, 3, 2, 1, 4), (0, 3, 2, 4, 1), (0, 3, 4, 1, 2), (0, 3, 4, 2, 1), (0, 4, 1, 2, 3), (0, 4, 1, 3, 2), (0, 4, 2, 1, 3), (0, 4, 2, 3, 1), (0, 4, 3, 1, 2), (0, 4, 3, 2, 1), (1, 0, 2, 3, 4), (1, 0, 2, 4, 3), (1, 0, 3, 2, 4), (1, 0, 3, 4, 2), (1, 0, 4, 2, 3), (1, 0, 4, 3, 2), (1, 2, 0, 3, 4), (1, 2, 0, 4, 3), (1, 2, 3, 0, 4), (1, 2, 3, 4, 0), (1, 2, 4, 0, 3), (1, 2, 4, 3, 0), (1, 3, 0, 2, 4), (1, 3, 0, 4, 2), (1, 3, 2, 0, 4), (1, 3, 2, 4, 0), (1, 3, 4, 0, 2), (1, 3, 4, 2, 0), (1, 4, 0, 2, 3), (1, 4, 0, 3, 2), (1, 4, 2, 0, 3), (1, 4, 2, 3, 0), (1, 4, 3, 0, 2), (1, 4, 3, 2, 0), (2, 0, 1, 3, 4), (2, 0, 1, 4, 3), (2, 0, 3, 1, 4), (2, 0, 3, 4, 1), (2, 0, 4, 1, 3), (2, 0, 4, 3, 1), (2, 1, 0, 3, 4), (2, 1, 0, 4, 3), (2, 1, 3, 0, 4), (2, 1, 3, 4, 0), (2, 1, 4, 0, 3), (2, 1, 4, 3, 0), (2, 3, 0, 1, 4), (2, 3, 0, 4, 1), (2, 3, 1, 0, 4), (2, 3, 1, 4, 0), (2, 3, 4, 0, 1), (2, 3, 4, 1, 0), (2, 4, 0, 1, 3), (2, 4, 0, 3, 1), (2, 4, 1, 0, 3), (2, 4, 1, 3, 0), (2, 4, 3, 0, 1), (2, 4, 3, 1, 0), (3, 0, 1, 2, 4), (3, 0, 1, 4, 2), (3, 0, 2, 1, 4), (3, 0, 2, 4, 1), (3, 0, 4, 1, 2), (3, 0, 4, 2, 1), (3, 1, 0, 2, 4), (3, 1, 0, 4, 2), (3, 1, 2, 0, 4), (3, 1, 2, 4, 0), (3, 1, 4, 0, 2), (3, 1, 4, 2, 0), (3, 2, 0, 1, 4), (3, 2, 0, 4, 1), (3, 2, 1, 0, 4), (3, 2, 1, 4, 0), (3, 2, 4, 0, 1), (3, 2, 4, 1, 0), (3, 4, 0, 1, 2), (3, 4, 0, 2, 1), (3, 4, 1, 0, 2), (3, 4, 1, 2, 0), (3, 4, 2, 0, 1), (3, 4, 2, 1, 0), (4, 0, 1, 2, 3), (4, 0, 1, 3, 2), (4, 0, 2, 1, 3), (4, 0, 2, 3, 1), (4, 0, 3, 1, 2), (4, 0, 3, 2, 1), (4, 1, 0, 2, 3), (4, 1, 0, 3, 2), (4, 1, 2, 0, 3), (4, 1, 2, 3, 0), (4, 1, 3, 0, 2), (4, 1, 3, 2, 0), (4, 2, 0, 1, 3), (4, 2, 0, 3, 1), (4, 2, 1, 0, 3), (4, 2, 1, 3, 0), (4, 2, 3, 0, 1), (4, 2, 3, 1, 0), (4, 3, 0, 1, 2), (4, 3, 0, 2, 1), (4, 3, 1, 0, 2), (4, 3, 1, 2, 0), (4, 3, 2, 0, 1), (4, 3, 2, 1, 0)]
Now: [0, 1, 2]
Now: [0, 1, 3]
Now: [0, 2, 3]
Now: [1, 2, 3]
Now: [1]
Now: [2]
---------Priority queue-------
poly: [1]
seed: [1, 1, 1, 0, 1]
scram: (0, 1, 4, 2, 3)
value: 204

poly: [1]
seed: [1, 1, 1, 0, 1]
scram: (0, 1, 4, 3, 2)
value: 204

poly: [1]
seed: [0, 0, 0, 1, 0]
scram: (0, 1, 4, 2, 3)
value: 205

poly: [1]
seed: [0, 0, 0, 1, 0]
scram: (0, 1, 4, 3, 2)
value: 205

poly: [1]
seed: [1, 1, 1, 1, 0]
scram: (0, 1, 4, 2, 3)
value: 205

poly: [1]
seed: [1, 1, 1, 1, 0]
scram: (0, 1, 4, 3, 2)
value: 205

poly: [2]
seed: [1, 0, 1, 1, 1]
scram: (4, 3, 0, 1, 2)
value: 205

poly: [2]
seed: [1, 0, 1, 1, 1]
scram: (4, 3, 0, 2, 1)
value: 205

poly: [1]
seed: [0, 0, 0, 0, 1]
scram: (0, 1, 2, 3, 4)
value: 206

poly: [1]
seed: [0, 0, 0, 0, 1]
scram: (0, 1, 2, 4, 3)
value: 206

poly: [2]
seed: [0, 0, 1, 0, 0]
scram: (4, 3, 0, 1, 2)
value: 206

poly: [2]
seed: [0, 0, 1, 0, 0]
scram: (4, 3, 0, 2, 1)
value: 206

poly: [2]
seed: [1, 1, 0, 1, 0]
scram: (4, 3, 2, 0, 1)
value: 206

poly: [2]
seed: [1, 1, 0, 1, 0]
scram: (4, 3, 2, 1, 0)
value: 206

poly: [1]
seed: [1, 1, 0, 1, 1]
scram: (0, 1, 4, 2, 3)
value: 207

poly: [1]
seed: [1, 1, 0, 1, 1]
scram: (0, 1, 4, 3, 2)
value: 207

poly: [2]
seed: [0, 0, 1, 1, 1]
scram: (2, 3, 4, 0, 1)
value: 207

poly: [2]
seed: [0, 0, 1, 1, 1]
scram: (2, 3, 4, 1, 0)
value: 207

poly: [1]
seed: [0, 0, 0, 1, 0]
scram: (0, 1, 2, 3, 4)
value: 208

poly: [1]
seed: [0, 0, 0, 1, 0]
scram: (0, 1, 2, 4, 3)
value: 208

poly: [1]
seed: [1, 0, 1, 1, 1]
scram: (0, 1, 4, 2, 3)
value: 208

poly: [1]
seed: [1, 0, 1, 1, 1]
scram: (0, 1, 4, 3, 2)
value: 208

poly: [2]
seed: [0, 1, 0, 0, 0]
scram: (4, 3, 0, 1, 2)
value: 208

poly: [2]
seed: [0, 1, 0, 0, 0]
scram: (4, 3, 0, 2, 1)
value: 208

poly: [1]
seed: [0, 0, 0, 0, 1]
scram: (2, 1, 0, 3, 4)
value: 209

poly: [1]
seed: [0, 0, 0, 0, 1]
scram: (2, 1, 0, 4, 3)
value: 209

poly: [2]
seed: [0, 1, 1, 1, 1]
scram: (4, 3, 0, 1, 2)
value: 209

poly: [2]
seed: [0, 1, 1, 1, 1]
scram: (4, 3, 0, 2, 1)
value: 209

poly: [1]
seed: [0, 0, 1, 0, 0]
scram: (0, 1, 4, 2, 3)
value: 210

poly: [1]
seed: [0, 0, 1, 0, 0]
scram: (0, 1, 4, 3, 2)
value: 210

poly: [2]
seed: [0, 1, 0, 0, 0]
scram: (4, 3, 2, 0, 1)
value: 210

poly: [2]
seed: [0, 1, 0, 0, 0]
scram: (4, 3, 2, 1, 0)
value: 210

poly: [2]
seed: [0, 1, 1, 1, 0]
scram: (2, 3, 4, 0, 1)
value: 210

poly: [2]
seed: [0, 1, 1, 1, 0]
scram: (2, 3, 4, 1, 0)
value: 210

poly: [1]
seed: [0, 1, 1, 0, 1]
scram: (0, 1, 2, 3, 4)
value: 211

poly: [1]
seed: [0, 1, 1, 0, 1]
scram: (0, 1, 2, 4, 3)
value: 211

poly: [1]
seed: [0, 1, 1, 1, 0]
scram: (2, 1, 0, 3, 4)
value: 211

poly: [1]
seed: [0, 1, 1, 1, 0]
scram: (2, 1, 0, 4, 3)
value: 211

poly: [1]
seed: [1, 1, 0, 1, 1]
scram: (0, 1, 2, 3, 4)
value: 211

poly: [1]
seed: [1, 1, 0, 1, 1]
scram: (0, 1, 2, 4, 3)
value: 211

poly: [2]
seed: [0, 0, 0, 1, 1]
scram: (4, 3, 0, 1, 2)
value: 211

poly: [2]
seed: [0, 0, 0, 1, 1]
scram: (4, 3, 0, 2, 1)
value: 211

poly: [2]
seed: [1, 1, 1, 0, 1]
scram: (4, 3, 0, 1, 2)
value: 211

poly: [2]
seed: [1, 1, 1, 0, 1]
scram: (4, 3, 0, 2, 1)
value: 211

poly: [1]
seed: [1, 0, 1, 1, 1]
scram: (0, 1, 2, 3, 4)
value: 212

poly: [1]
seed: [1, 0, 1, 1, 1]
scram: (0, 1, 2, 4, 3)
value: 212

poly: [2]
seed: [0, 1, 1, 1, 0]
scram: (4, 3, 2, 0, 1)
value: 212

poly: [2]
seed: [0, 1, 1, 1, 0]
scram: (4, 3, 2, 1, 0)
value: 212

poly: [2]
seed: [1, 1, 1, 0, 1]
scram: (4, 3, 2, 0, 1)
value: 212

poly: [2]
seed: [1, 1, 1, 0, 1]
scram: (4, 3, 2, 1, 0)
value: 212

poly: [0, 1, 2]
seed: [1, 1, 0, 1, 1]
scram: (0, 4, 1, 2, 3)
value: 213

poly: [0, 1, 2]
seed: [1, 1, 0, 1, 1]
scram: (0, 4, 1, 3, 2)
value: 213

poly: [0, 1, 2]
seed: [1, 1, 1, 0, 1]
scram: (0, 4, 1, 2, 3)
value: 213

poly: [0, 1, 2]
seed: [1, 1, 1, 0, 1]
scram: (0, 4, 1, 3, 2)
value: 213

poly: [1]
seed: [0, 1, 0, 1, 1]
scram: (0, 1, 2, 3, 4)
value: 213

poly: [1]
seed: [0, 1, 0, 1, 1]
scram: (0, 1, 2, 4, 3)
value: 213

poly: [1]
seed: [0, 1, 1, 0, 1]
scram: (2, 1, 0, 3, 4)
value: 213

poly: [1]
seed: [0, 1, 1, 0, 1]
scram: (2, 1, 0, 4, 3)
value: 213

poly: [1]
seed: [0, 1, 1, 1, 0]
scram: (0, 1, 2, 3, 4)
value: 213

poly: [1]
seed: [0, 1, 1, 1, 0]
scram: (0, 1, 2, 4, 3)
value: 213

poly: [2]
seed: [0, 0, 1, 1, 1]
scram: (4, 3, 0, 1, 2)
value: 213

poly: [2]
seed: [0, 0, 1, 1, 1]
scram: (4, 3, 0, 2, 1)
value: 213

poly: [2]
seed: [1, 1, 0, 1, 1]
scram: (4, 3, 0, 1, 2)
value: 213

poly: [2]
seed: [1, 1, 0, 1, 1]
scram: (4, 3, 0, 2, 1)
value: 213

poly: [2]
seed: [1, 1, 0, 1, 1]
scram: (4, 3, 2, 0, 1)
value: 213

poly: [2]
seed: [1, 1, 0, 1, 1]
scram: (4, 3, 2, 1, 0)
value: 213

poly: [1]
seed: [0, 1, 1, 1, 1]
scram: (2, 1, 0, 3, 4)
value: 214

poly: [1]
seed: [0, 1, 1, 1, 1]
scram: (2, 1, 0, 4, 3)
value: 214

poly: [1]
seed: [1, 1, 1, 0, 0]
scram: (0, 1, 4, 2, 3)
value: 214

poly: [1]
seed: [1, 1, 1, 0, 0]
scram: (0, 1, 4, 3, 2)
value: 214

poly: [2]
seed: [0, 0, 1, 1, 0]
scram: (4, 3, 2, 0, 1)
value: 214

poly: [2]
seed: [0, 0, 1, 1, 0]
scram: (4, 3, 2, 1, 0)
value: 214

poly: [2]
seed: [1, 0, 0, 0, 0]
scram: (2, 3, 4, 0, 1)
value: 214

poly: [2]
seed: [1, 0, 0, 0, 0]
scram: (2, 3, 4, 1, 0)
value: 214

poly: [2]
seed: [1, 0, 0, 0, 0]
scram: (4, 3, 2, 0, 1)
value: 214

poly: [2]
seed: [1, 0, 0, 0, 0]
scram: (4, 3, 2, 1, 0)
value: 214

poly: [1, 2, 3]
seed: [1, 1, 0, 1, 1]
scram: (4, 0, 3, 1, 2)
value: 215

poly: [1, 2, 3]
seed: [1, 1, 0, 1, 1]
scram: (4, 0, 3, 2, 1)
value: 215

poly: [1]
seed: [0, 0, 0, 0, 1]
scram: (0, 1, 4, 2, 3)
value: 215

poly: [1]
seed: [0, 0, 0, 0, 1]
scram: (0, 1, 4, 3, 2)
value: 215

poly: [1]
seed: [1, 1, 1, 0, 0]
scram: (2, 1, 0, 3, 4)
value: 215

poly: [1]
seed: [1, 1, 1, 0, 0]
scram: (2, 1, 0, 4, 3)
value: 215

poly: [1]
seed: [1, 1, 1, 1, 0]
scram: (0, 1, 2, 3, 4)
value: 215

poly: [1]
seed: [1, 1, 1, 1, 0]
scram: (0, 1, 2, 4, 3)
value: 215

poly: [2]
seed: [0, 1, 0, 0, 0]
scram: (2, 3, 4, 0, 1)
value: 215

poly: [2]
seed: [0, 1, 0, 0, 0]
scram: (2, 3, 4, 1, 0)
value: 215

poly: [2]
seed: [0, 1, 1, 1, 1]
scram: (2, 3, 4, 0, 1)
value: 215

poly: [2]
seed: [0, 1, 1, 1, 1]
scram: (2, 3, 4, 1, 0)
value: 215

poly: [2]
seed: [1, 0, 1, 1, 0]
scram: (2, 3, 4, 0, 1)
value: 215

poly: [2]
seed: [1, 0, 1, 1, 0]
scram: (2, 3, 4, 1, 0)
value: 215

poly: [2]
seed: [1, 0, 1, 1, 0]
scram: (4, 3, 2, 0, 1)
value: 215

poly: [2]
seed: [1, 0, 1, 1, 0]
scram: (4, 3, 2, 1, 0)
value: 215

poly: [0, 2, 3]
seed: [1, 1, 1, 1, 0]
scram: (0, 1, 2, 3, 4)
value: 216

poly: [0, 2, 3]
seed: [1, 1, 1, 1, 0]
scram: (0, 1, 2, 4, 3)
value: 216

poly: [1, 2, 3]
seed: [1, 1, 0, 1, 0]
scram: (4, 0, 3, 1, 2)
value: 216

poly: [1, 2, 3]
seed: [1, 1, 0, 1, 0]
scram: (4, 0, 3, 2, 1)
value: 216

poly: [1]
seed: [0, 1, 1, 1, 0]
scram: (0, 1, 4, 2, 3)
value: 216

--------------end-------------

Process finished with exit code 0
