C:\Users\11741\PycharmProjects\Stochastic_Computing\venv\Scripts\python.exe C:/Users/11741/PycharmProjects/Stochastic_Computing/Studies/Progressive_precision/Evaluate_function__point_distribution.py
N = 6
polynomials = [[0, 1, 4], [0, 2, 3], [0, 3, 4], [0], [1, 2, 4], [4]]
---------Priority queue-------
poly: [4]
seed: [0, 1, 0, 0, 0, 1]
scram: (2, 0, 3, 5, 1, 4)
value: 22.444444444444443

poly: [4]
seed: [0, 1, 0, 0, 0, 1]
scram: (2, 0, 3, 5, 4, 1)
value: 22.444444444444443

poly: [0, 3, 4]
seed: [0, 1, 1, 0, 0, 0]
scram: (0, 3, 2, 1, 4, 5)
value: 23.253968253968253

poly: [0, 3, 4]
seed: [0, 1, 1, 0, 0, 0]
scram: (0, 3, 2, 1, 5, 4)
value: 23.253968253968253

poly: [0, 3, 4]
seed: [1, 1, 1, 1, 0, 0]
scram: (1, 3, 4, 0, 2, 5)
value: 23.444444444444443

poly: [0, 3, 4]
seed: [1, 1, 1, 1, 0, 0]
scram: (1, 3, 4, 0, 5, 2)
value: 23.444444444444443

poly: [0, 3, 4]
seed: [1, 0, 0, 1, 1, 0]
scram: (3, 4, 0, 5, 1, 2)
value: 23.904761904761905

poly: [0, 3, 4]
seed: [1, 0, 0, 1, 1, 0]
scram: (3, 4, 0, 5, 2, 1)
value: 23.904761904761905

poly: [0, 1, 4]
seed: [0, 0, 1, 1, 0, 1]
scram: (5, 2, 0, 3, 1, 4)
value: 23.96825396825397

poly: [0, 1, 4]
seed: [0, 0, 1, 1, 0, 1]
scram: (5, 2, 0, 3, 4, 1)
value: 23.96825396825397

poly: [0, 3, 4]
seed: [1, 1, 1, 0, 0, 0]
scram: (1, 3, 4, 0, 2, 5)
value: 23.984126984126984

poly: [0, 3, 4]
seed: [1, 1, 1, 0, 0, 0]
scram: (1, 3, 4, 0, 5, 2)
value: 23.984126984126984

poly: [1, 2, 4]
seed: [0, 0, 0, 0, 1, 0]
scram: (1, 5, 3, 0, 2, 4)
value: 24.126984126984127

poly: [1, 2, 4]
seed: [0, 0, 0, 0, 1, 0]
scram: (1, 5, 3, 0, 4, 2)
value: 24.126984126984127

poly: [0, 1, 4]
seed: [0, 1, 0, 1, 0, 1]
scram: (0, 1, 5, 2, 3, 4)
value: 24.206349206349206

poly: [0, 1, 4]
seed: [0, 1, 0, 1, 0, 1]
scram: (0, 1, 5, 2, 4, 3)
value: 24.206349206349206

poly: [1, 2, 4]
seed: [1, 1, 1, 1, 1, 1]
scram: (1, 3, 0, 5, 2, 4)
value: 24.238095238095237

poly: [1, 2, 4]
seed: [1, 1, 1, 1, 1, 1]
scram: (1, 3, 0, 5, 4, 2)
value: 24.238095238095237

poly: [1, 2, 4]
seed: [1, 1, 0, 0, 0, 0]
scram: (1, 5, 3, 0, 2, 4)
value: 24.3968253968254

poly: [1, 2, 4]
seed: [1, 1, 0, 0, 0, 0]
scram: (1, 5, 3, 0, 4, 2)
value: 24.3968253968254

poly: [0, 2, 3]
seed: [0, 1, 1, 0, 0, 1]
scram: (4, 0, 2, 5, 1, 3)
value: 24.444444444444443

poly: [0, 2, 3]
seed: [0, 1, 1, 0, 0, 1]
scram: (4, 0, 2, 5, 3, 1)
value: 24.444444444444443

poly: [0, 3, 4]
seed: [1, 0, 0, 1, 1, 0]
scram: (0, 3, 4, 5, 1, 2)
value: 24.46031746031746

poly: [0, 3, 4]
seed: [1, 0, 0, 1, 1, 0]
scram: (0, 3, 4, 5, 2, 1)
value: 24.46031746031746

poly: [4]
seed: [0, 1, 0, 0, 0, 1]
scram: (3, 0, 2, 5, 1, 4)
value: 24.49206349206349

poly: [4]
seed: [0, 1, 0, 0, 0, 1]
scram: (3, 0, 2, 5, 4, 1)
value: 24.49206349206349

poly: [0, 3, 4]
seed: [1, 0, 0, 1, 1, 1]
scram: (2, 4, 0, 5, 1, 3)
value: 24.523809523809526

poly: [0, 3, 4]
seed: [1, 0, 0, 1, 1, 1]
scram: (2, 4, 0, 5, 3, 1)
value: 24.523809523809526

poly: [0, 1, 4]
seed: [1, 0, 1, 0, 1, 0]
scram: (3, 0, 2, 1, 4, 5)
value: 24.539682539682538

poly: [0, 1, 4]
seed: [1, 0, 1, 0, 1, 0]
scram: (3, 0, 2, 1, 5, 4)
value: 24.539682539682538

poly: [0, 1, 4]
seed: [1, 0, 0, 1, 1, 0]
scram: (5, 2, 0, 3, 1, 4)
value: 24.634920634920633

poly: [0, 1, 4]
seed: [1, 0, 0, 1, 1, 0]
scram: (5, 2, 0, 3, 4, 1)
value: 24.634920634920633

poly: [0, 3, 4]
seed: [0, 1, 1, 1, 0, 0]
scram: (2, 5, 1, 3, 0, 4)
value: 24.650793650793652

poly: [0, 3, 4]
seed: [0, 1, 1, 1, 0, 0]
scram: (2, 5, 1, 3, 4, 0)
value: 24.650793650793652

poly: [4]
seed: [1, 0, 1, 0, 0, 0]
scram: (2, 0, 3, 5, 1, 4)
value: 24.6984126984127

poly: [4]
seed: [1, 0, 1, 0, 0, 0]
scram: (2, 0, 3, 5, 4, 1)
value: 24.6984126984127

poly: [0, 3, 4]
seed: [1, 1, 1, 1, 0, 0]
scram: (3, 1, 4, 0, 2, 5)
value: 24.761904761904763

poly: [0, 3, 4]
seed: [1, 1, 1, 1, 0, 0]
scram: (3, 1, 4, 0, 5, 2)
value: 24.761904761904763

poly: [4]
seed: [0, 1, 0, 0, 0, 1]
scram: (0, 2, 3, 5, 1, 4)
value: 24.793650793650794

poly: [4]
seed: [0, 1, 0, 0, 0, 1]
scram: (0, 2, 3, 5, 4, 1)
value: 24.793650793650794

poly: [0, 2, 3]
seed: [1, 1, 1, 1, 0, 1]
scram: (2, 3, 0, 5, 1, 4)
value: 24.825396825396826

poly: [0, 2, 3]
seed: [1, 1, 1, 1, 0, 1]
scram: (2, 3, 0, 5, 4, 1)
value: 24.825396825396826

poly: [0, 3, 4]
seed: [0, 0, 1, 1, 0, 0]
scram: (0, 3, 2, 1, 4, 5)
value: 24.841269841269842

poly: [0, 3, 4]
seed: [0, 0, 1, 1, 0, 0]
scram: (0, 3, 2, 1, 5, 4)
value: 24.841269841269842

poly: [0, 2, 3]
seed: [0, 0, 1, 0, 1, 0]
scram: (4, 1, 5, 3, 0, 2)
value: 24.873015873015873

poly: [0, 2, 3]
seed: [0, 0, 1, 0, 1, 0]
scram: (4, 1, 5, 3, 2, 0)
value: 24.873015873015873

poly: [0, 3, 4]
seed: [1, 1, 0, 0, 0, 1]
scram: (0, 3, 2, 1, 4, 5)
value: 24.873015873015873

poly: [0, 3, 4]
seed: [1, 1, 0, 0, 0, 1]
scram: (0, 3, 2, 1, 5, 4)
value: 24.873015873015873

poly: [0, 3, 4]
seed: [1, 1, 0, 0, 1, 1]
scram: (3, 4, 0, 5, 1, 2)
value: 24.936507936507937

poly: [0, 3, 4]
seed: [1, 1, 0, 0, 1, 1]
scram: (3, 4, 0, 5, 2, 1)
value: 24.936507936507937

poly: [0, 3, 4]
seed: [1, 1, 0, 0, 1, 1]
scram: (5, 4, 3, 0, 1, 2)
value: 24.936507936507937

poly: [0, 3, 4]
seed: [1, 1, 0, 0, 1, 1]
scram: (5, 4, 3, 0, 2, 1)
value: 24.936507936507937

poly: [0]
seed: [0, 0, 1, 1, 1, 0]
scram: (0, 2, 4, 1, 3, 5)
value: 24.936507936507937

poly: [0]
seed: [0, 0, 1, 1, 1, 0]
scram: (0, 2, 4, 1, 5, 3)
value: 24.936507936507937

poly: [4]
seed: [0, 1, 0, 0, 0, 1]
scram: (3, 2, 0, 5, 1, 4)
value: 24.984126984126984

poly: [4]
seed: [0, 1, 0, 0, 0, 1]
scram: (3, 2, 0, 5, 4, 1)
value: 24.984126984126984

poly: [0, 1, 4]
seed: [1, 1, 0, 1, 1, 1]
scram: (3, 1, 5, 0, 2, 4)
value: 25.0

poly: [0, 1, 4]
seed: [1, 1, 0, 1, 1, 1]
scram: (3, 1, 5, 0, 4, 2)
value: 25.0

poly: [0, 2, 3]
seed: [1, 1, 0, 0, 1, 1]
scram: (4, 0, 2, 5, 1, 3)
value: 25.0

poly: [0, 2, 3]
seed: [1, 1, 0, 0, 1, 1]
scram: (4, 0, 2, 5, 3, 1)
value: 25.0

poly: [0]
seed: [0, 0, 0, 1, 1, 1]
scram: (0, 2, 4, 1, 3, 5)
value: 25.03174603174603

poly: [0]
seed: [0, 0, 0, 1, 1, 1]
scram: (0, 2, 4, 1, 5, 3)
value: 25.03174603174603

poly: [0, 1, 4]
seed: [0, 0, 0, 0, 0, 1]
scram: (2, 1, 4, 5, 0, 3)
value: 25.063492063492063

poly: [0, 1, 4]
seed: [0, 0, 0, 0, 0, 1]
scram: (2, 1, 4, 5, 3, 0)
value: 25.063492063492063

poly: [0, 1, 4]
seed: [0, 1, 0, 1, 0, 1]
scram: (3, 0, 2, 1, 4, 5)
value: 25.063492063492063

poly: [0, 1, 4]
seed: [0, 1, 0, 1, 0, 1]
scram: (3, 0, 2, 1, 5, 4)
value: 25.063492063492063

poly: [0, 1, 4]
seed: [0, 1, 1, 0, 1, 0]
scram: (5, 2, 0, 3, 1, 4)
value: 25.063492063492063

poly: [0, 1, 4]
seed: [0, 1, 1, 0, 1, 0]
scram: (5, 2, 0, 3, 4, 1)
value: 25.063492063492063

poly: [0, 3, 4]
seed: [1, 0, 0, 1, 1, 0]
scram: (4, 3, 0, 5, 1, 2)
value: 25.063492063492063

poly: [0, 3, 4]
seed: [1, 0, 0, 1, 1, 0]
scram: (4, 3, 0, 5, 2, 1)
value: 25.063492063492063

poly: [1, 2, 4]
seed: [1, 0, 1, 1, 0, 0]
scram: (4, 1, 0, 2, 3, 5)
value: 25.126984126984127

poly: [1, 2, 4]
seed: [1, 0, 1, 1, 0, 0]
scram: (4, 1, 0, 2, 5, 3)
value: 25.126984126984127

poly: [1, 2, 4]
seed: [1, 1, 1, 1, 1, 1]
scram: (0, 1, 3, 5, 2, 4)
value: 25.126984126984127

poly: [1, 2, 4]
seed: [1, 1, 1, 1, 1, 1]
scram: (0, 1, 3, 5, 4, 2)
value: 25.126984126984127

poly: [0, 3, 4]
seed: [0, 0, 1, 1, 1, 1]
scram: (2, 4, 0, 5, 1, 3)
value: 25.142857142857142

poly: [0, 3, 4]
seed: [0, 0, 1, 1, 1, 1]
scram: (2, 4, 0, 5, 3, 1)
value: 25.142857142857142

poly: [0, 3, 4]
seed: [1, 1, 0, 0, 1, 1]
scram: (4, 0, 1, 5, 2, 3)
value: 25.142857142857142

poly: [0, 3, 4]
seed: [1, 1, 0, 0, 1, 1]
scram: (4, 0, 1, 5, 3, 2)
value: 25.142857142857142

poly: [4]
seed: [0, 1, 0, 0, 0, 1]
scram: (3, 2, 5, 0, 1, 4)
value: 25.142857142857142

poly: [4]
seed: [0, 1, 0, 0, 0, 1]
scram: (3, 2, 5, 0, 4, 1)
value: 25.142857142857142

poly: [0, 1, 4]
seed: [1, 1, 0, 0, 1, 1]
scram: (3, 5, 2, 4, 0, 1)
value: 25.158730158730158

poly: [0, 1, 4]
seed: [1, 1, 0, 0, 1, 1]
scram: (3, 5, 2, 4, 1, 0)
value: 25.158730158730158

poly: [0, 2, 3]
seed: [0, 1, 1, 0, 0, 1]
scram: (4, 2, 5, 0, 1, 3)
value: 25.158730158730158

poly: [0, 2, 3]
seed: [0, 1, 1, 0, 0, 1]
scram: (4, 2, 5, 0, 3, 1)
value: 25.158730158730158

poly: [1, 2, 4]
seed: [1, 1, 1, 1, 1, 1]
scram: (1, 0, 3, 5, 2, 4)
value: 25.158730158730158

poly: [1, 2, 4]
seed: [1, 1, 1, 1, 1, 1]
scram: (1, 0, 3, 5, 4, 2)
value: 25.158730158730158

poly: [4]
seed: [0, 1, 0, 0, 0, 1]
scram: (2, 3, 0, 5, 1, 4)
value: 25.158730158730158

poly: [4]
seed: [0, 1, 0, 0, 0, 1]
scram: (2, 3, 0, 5, 4, 1)
value: 25.158730158730158

poly: [4]
seed: [0, 1, 0, 0, 1, 0]
scram: (2, 4, 1, 5, 0, 3)
value: 25.19047619047619

poly: [4]
seed: [0, 1, 0, 0, 1, 0]
scram: (2, 4, 1, 5, 3, 0)
value: 25.19047619047619

poly: [0, 2, 3]
seed: [1, 1, 1, 0, 1, 1]
scram: (3, 2, 0, 1, 4, 5)
value: 25.22222222222222

poly: [0, 2, 3]
seed: [1, 1, 1, 0, 1, 1]
scram: (3, 2, 0, 1, 5, 4)
value: 25.22222222222222

poly: [0, 3, 4]
seed: [1, 1, 0, 0, 0, 0]
scram: (1, 3, 4, 0, 2, 5)
value: 25.22222222222222

poly: [0, 3, 4]
seed: [1, 1, 0, 0, 0, 0]
scram: (1, 3, 4, 0, 5, 2)
value: 25.22222222222222

poly: [0, 3, 4]
seed: [1, 0, 0, 1, 1, 0]
scram: (0, 3, 5, 2, 1, 4)
value: 25.26984126984127

poly: [0, 3, 4]
seed: [1, 0, 0, 1, 1, 0]
scram: (0, 3, 5, 2, 4, 1)
value: 25.26984126984127

poly: [0, 3, 4]
seed: [1, 1, 1, 0, 0, 0]
scram: (3, 1, 4, 0, 2, 5)
value: 25.26984126984127

poly: [0, 3, 4]
seed: [1, 1, 1, 0, 0, 0]
scram: (3, 1, 4, 0, 5, 2)
value: 25.26984126984127

poly: [0, 2, 3]
seed: [1, 0, 0, 0, 1, 1]
scram: (1, 4, 5, 0, 2, 3)
value: 25.317460317460316

poly: [0, 2, 3]
seed: [1, 0, 0, 0, 1, 1]
scram: (1, 4, 5, 0, 3, 2)
value: 25.317460317460316

poly: [0, 2, 3]
seed: [1, 0, 0, 1, 0, 1]
scram: (4, 1, 5, 3, 0, 2)
value: 25.317460317460316

poly: [0, 2, 3]
seed: [1, 0, 0, 1, 0, 1]
scram: (4, 1, 5, 3, 2, 0)
value: 25.317460317460316

poly: [1, 2, 4]
seed: [1, 0, 0, 0, 0, 1]
scram: (1, 5, 3, 0, 2, 4)
value: 25.317460317460316

poly: [1, 2, 4]
seed: [1, 0, 0, 0, 0, 1]
scram: (1, 5, 3, 0, 4, 2)
value: 25.317460317460316

poly: [0]
seed: [0, 0, 1, 1, 1, 0]
scram: (2, 0, 4, 1, 3, 5)
value: 25.333333333333336

poly: [0]
seed: [0, 0, 1, 1, 1, 0]
scram: (2, 0, 4, 1, 5, 3)
value: 25.333333333333336

poly: [0, 2, 3]
seed: [1, 0, 0, 0, 1, 1]
scram: (4, 1, 5, 0, 2, 3)
value: 25.349206349206348

poly: [0, 2, 3]
seed: [1, 0, 0, 0, 1, 1]
scram: (4, 1, 5, 0, 3, 2)
value: 25.349206349206348

poly: [4]
seed: [0, 1, 0, 0, 0, 1]
scram: (2, 3, 5, 0, 1, 4)
value: 25.349206349206348

poly: [4]
seed: [0, 1, 0, 0, 0, 1]
scram: (2, 3, 5, 0, 4, 1)
value: 25.349206349206348

poly: [4]
seed: [0, 1, 1, 1, 0, 0]
scram: (3, 5, 1, 4, 0, 2)
value: 25.349206349206348

--------------end-------------

Process finished with exit code 0
