---------Priority queue-------
poly: [0, 3, 5]
seed: [0, 0, 0, 0, 1, 1, 1]
scram: (4, 1, 6, 3, 2, 0, 5)
value: 18

poly: [0, 3, 5]
seed: [0, 0, 0, 0, 1, 1, 1]
scram: (4, 1, 6, 3, 2, 5, 0)
value: 18

poly: [0, 1, 3, 4, 5]
seed: [0, 0, 1, 0, 0, 0, 1]
scram: (0, 1, 6, 2, 5, 3, 4)
value: 19

poly: [0, 1, 3, 4, 5]
seed: [0, 0, 1, 0, 0, 0, 1]
scram: (0, 1, 6, 2, 5, 4, 3)
value: 19

poly: [0, 1, 3, 4, 5]
seed: [0, 0, 1, 0, 0, 0, 1]
scram: (1, 6, 0, 2, 5, 3, 4)
value: 19

poly: [0, 1, 3, 4, 5]
seed: [0, 0, 1, 0, 0, 0, 1]
scram: (1, 6, 0, 2, 5, 4, 3)
value: 19

poly: [0, 1, 3, 4, 5]
seed: [0, 0, 1, 0, 0, 0, 1]
scram: (2, 0, 1, 6, 5, 3, 4)
value: 19

poly: [0, 1, 3, 4, 5]
seed: [0, 0, 1, 0, 0, 0, 1]
scram: (2, 0, 1, 6, 5, 4, 3)
value: 19

poly: [0, 1, 3, 4, 5]
seed: [0, 0, 1, 0, 0, 0, 1]
scram: (6, 1, 0, 2, 5, 3, 4)
value: 19

poly: [0, 1, 3, 4, 5]
seed: [0, 0, 1, 0, 0, 0, 1]
scram: (6, 1, 0, 2, 5, 4, 3)
value: 19

poly: [0, 1, 3, 4, 5]
seed: [0, 1, 0, 0, 0, 1, 0]
scram: (0, 1, 6, 2, 5, 3, 4)
value: 19

poly: [0, 1, 3, 4, 5]
seed: [0, 1, 0, 0, 0, 1, 0]
scram: (0, 1, 6, 2, 5, 4, 3)
value: 19

poly: [0, 1, 3, 4, 5]
seed: [0, 1, 0, 0, 0, 1, 0]
scram: (1, 6, 0, 2, 5, 3, 4)
value: 19

poly: [0, 1, 3, 4, 5]
seed: [0, 1, 0, 0, 0, 1, 0]
scram: (1, 6, 0, 2, 5, 4, 3)
value: 19

poly: [0, 1, 3, 4, 5]
seed: [0, 1, 0, 0, 0, 1, 0]
scram: (6, 1, 0, 2, 5, 3, 4)
value: 19

poly: [0, 1, 3, 4, 5]
seed: [0, 1, 0, 0, 0, 1, 0]
scram: (6, 1, 0, 2, 5, 4, 3)
value: 19

poly: [0, 1, 3, 4, 5]
seed: [1, 0, 0, 1, 0, 0, 0]
scram: (2, 0, 1, 6, 5, 3, 4)
value: 19

poly: [0, 1, 3, 4, 5]
seed: [1, 0, 0, 1, 0, 0, 0]
scram: (2, 0, 1, 6, 5, 4, 3)
value: 19

poly: [0, 1, 3, 4, 5]
seed: [1, 0, 1, 0, 1, 0, 1]
scram: (2, 3, 5, 1, 0, 4, 6)
value: 19

poly: [0, 1, 3, 4, 5]
seed: [1, 0, 1, 0, 1, 0, 1]
scram: (2, 3, 5, 1, 0, 6, 4)
value: 19

poly: [0, 2, 4]
seed: [0, 1, 1, 1, 1, 0, 1]
scram: (5, 2, 3, 1, 4, 0, 6)
value: 19

poly: [0, 2, 4]
seed: [0, 1, 1, 1, 1, 0, 1]
scram: (5, 2, 3, 1, 4, 6, 0)
value: 19

poly: [0, 3, 5]
seed: [0, 0, 0, 0, 0, 0, 1]
scram: (4, 1, 3, 6, 2, 0, 5)
value: 19

poly: [0, 3, 5]
seed: [0, 0, 0, 0, 0, 0, 1]
scram: (4, 1, 3, 6, 2, 5, 0)
value: 19

poly: [0, 3, 5]
seed: [0, 0, 0, 0, 0, 0, 1]
scram: (4, 1, 6, 3, 2, 0, 5)
value: 19

poly: [0, 3, 5]
seed: [0, 0, 0, 0, 0, 0, 1]
scram: (4, 1, 6, 3, 2, 5, 0)
value: 19

poly: [0, 3, 5]
seed: [0, 0, 0, 0, 0, 1, 1]
scram: (4, 1, 6, 3, 2, 0, 5)
value: 19

poly: [0, 3, 5]
seed: [0, 0, 0, 0, 0, 1, 1]
scram: (4, 1, 6, 3, 2, 5, 0)
value: 19

poly: [0, 3, 5]
seed: [0, 0, 0, 0, 1, 1, 1]
scram: (1, 4, 6, 3, 2, 0, 5)
value: 19

poly: [0, 3, 5]
seed: [0, 0, 0, 0, 1, 1, 1]
scram: (1, 4, 6, 3, 2, 5, 0)
value: 19

poly: [0, 3, 5]
seed: [0, 0, 0, 0, 1, 1, 1]
scram: (4, 1, 3, 6, 2, 0, 5)
value: 19

poly: [0, 3, 5]
seed: [0, 0, 0, 0, 1, 1, 1]
scram: (4, 1, 3, 6, 2, 5, 0)
value: 19

poly: [0, 3, 5]
seed: [0, 0, 0, 1, 1, 1, 0]
scram: (1, 4, 6, 3, 2, 0, 5)
value: 19

poly: [0, 3, 5]
seed: [0, 0, 0, 1, 1, 1, 0]
scram: (1, 4, 6, 3, 2, 5, 0)
value: 19

poly: [0, 3, 5]
seed: [0, 0, 0, 1, 1, 1, 0]
scram: (4, 1, 6, 3, 2, 0, 5)
value: 19

poly: [0, 3, 5]
seed: [0, 0, 0, 1, 1, 1, 0]
scram: (4, 1, 6, 3, 2, 5, 0)
value: 19

poly: [0, 3, 5]
seed: [1, 0, 0, 0, 0, 0, 0]
scram: (1, 4, 3, 6, 2, 0, 5)
value: 19

poly: [0, 3, 5]
seed: [1, 0, 0, 0, 0, 0, 0]
scram: (1, 4, 3, 6, 2, 5, 0)
value: 19

poly: [0, 3, 5]
seed: [1, 0, 0, 0, 0, 0, 0]
scram: (3, 4, 1, 6, 2, 0, 5)
value: 19

poly: [0, 3, 5]
seed: [1, 0, 0, 0, 0, 0, 0]
scram: (3, 4, 1, 6, 2, 5, 0)
value: 19

poly: [0, 3, 5]
seed: [1, 0, 0, 0, 0, 0, 0]
scram: (4, 1, 3, 6, 2, 0, 5)
value: 19

poly: [0, 3, 5]
seed: [1, 0, 0, 0, 0, 0, 0]
scram: (4, 1, 3, 6, 2, 5, 0)
value: 19

poly: [0, 3, 5]
seed: [1, 0, 1, 1, 0, 0, 1]
scram: (2, 5, 0, 4, 3, 1, 6)
value: 19

poly: [0, 3, 5]
seed: [1, 0, 1, 1, 0, 0, 1]
scram: (2, 5, 0, 4, 3, 6, 1)
value: 19

poly: [0, 3, 5]
seed: [1, 0, 1, 1, 0, 0, 1]
scram: (5, 2, 0, 4, 3, 1, 6)
value: 19

poly: [0, 3, 5]
seed: [1, 0, 1, 1, 0, 0, 1]
scram: (5, 2, 0, 4, 3, 6, 1)
value: 19

poly: [0, 3, 5]
seed: [1, 1, 0, 0, 0, 0, 0]
scram: (1, 4, 3, 6, 2, 0, 5)
value: 19

poly: [0, 3, 5]
seed: [1, 1, 0, 0, 0, 0, 0]
scram: (1, 4, 3, 6, 2, 5, 0)
value: 19

poly: [0, 3, 5]
seed: [1, 1, 0, 0, 0, 0, 0]
scram: (3, 4, 1, 6, 2, 0, 5)
value: 19

poly: [0, 3, 5]
seed: [1, 1, 0, 0, 0, 0, 0]
scram: (3, 4, 1, 6, 2, 5, 0)
value: 19

poly: [0, 3, 5]
seed: [1, 1, 0, 0, 0, 0, 0]
scram: (4, 1, 3, 6, 2, 0, 5)
value: 19

poly: [0, 3, 5]
seed: [1, 1, 0, 0, 0, 0, 0]
scram: (4, 1, 3, 6, 2, 5, 0)
value: 19

poly: [0, 3, 5]
seed: [1, 1, 1, 1, 0, 0, 0]
scram: (1, 4, 3, 6, 2, 0, 5)
value: 19

poly: [0, 3, 5]
seed: [1, 1, 1, 1, 0, 0, 0]
scram: (1, 4, 3, 6, 2, 5, 0)
value: 19

poly: [0, 3, 5]
seed: [1, 1, 1, 1, 0, 0, 0]
scram: (3, 4, 1, 6, 2, 0, 5)
value: 19

poly: [0, 3, 5]
seed: [1, 1, 1, 1, 0, 0, 0]
scram: (3, 4, 1, 6, 2, 5, 0)
value: 19

poly: [0, 1, 2, 3, 4]
seed: [0, 1, 0, 0, 1, 1, 1]
scram: (6, 3, 5, 0, 1, 2, 4)
value: 20

poly: [0, 1, 2, 3, 4]
seed: [0, 1, 0, 0, 1, 1, 1]
scram: (6, 3, 5, 0, 1, 4, 2)
value: 20

poly: [0, 1, 2]
seed: [1, 1, 1, 0, 0, 1, 0]
scram: (1, 3, 0, 5, 2, 4, 6)
value: 20

poly: [0, 1, 2]
seed: [1, 1, 1, 0, 0, 1, 0]
scram: (1, 3, 0, 5, 2, 6, 4)
value: 20

poly: [0, 1, 3, 4, 5]
seed: [0, 0, 1, 0, 0, 0, 1]
scram: (0, 1, 2, 6, 5, 3, 4)
value: 20

poly: [0, 1, 3, 4, 5]
seed: [0, 0, 1, 0, 0, 0, 1]
scram: (0, 1, 2, 6, 5, 4, 3)
value: 20

poly: [0, 1, 3, 4, 5]
seed: [0, 0, 1, 0, 0, 0, 1]
scram: (0, 2, 1, 6, 5, 3, 4)
value: 20

poly: [0, 1, 3, 4, 5]
seed: [0, 0, 1, 0, 0, 0, 1]
scram: (0, 2, 1, 6, 5, 4, 3)
value: 20

poly: [0, 1, 3, 4, 5]
seed: [0, 0, 1, 0, 0, 0, 1]
scram: (1, 2, 0, 6, 5, 3, 4)
value: 20

poly: [0, 1, 3, 4, 5]
seed: [0, 0, 1, 0, 0, 0, 1]
scram: (1, 2, 0, 6, 5, 4, 3)
value: 20

poly: [0, 1, 3, 4, 5]
seed: [0, 0, 1, 0, 0, 0, 1]
scram: (2, 0, 6, 1, 5, 3, 4)
value: 20

poly: [0, 1, 3, 4, 5]
seed: [0, 0, 1, 0, 0, 0, 1]
scram: (2, 0, 6, 1, 5, 4, 3)
value: 20

poly: [0, 1, 3, 4, 5]
seed: [0, 0, 1, 0, 0, 0, 1]
scram: (2, 1, 0, 6, 5, 3, 4)
value: 20

poly: [0, 1, 3, 4, 5]
seed: [0, 0, 1, 0, 0, 0, 1]
scram: (2, 1, 0, 6, 5, 4, 3)
value: 20

poly: [0, 1, 3, 4, 5]
seed: [0, 0, 1, 0, 0, 0, 1]
scram: (6, 0, 1, 2, 5, 3, 4)
value: 20

poly: [0, 1, 3, 4, 5]
seed: [0, 0, 1, 0, 0, 0, 1]
scram: (6, 0, 1, 2, 5, 4, 3)
value: 20

poly: [0, 1, 3, 4, 5]
seed: [0, 0, 1, 0, 0, 0, 1]
scram: (6, 2, 0, 1, 5, 3, 4)
value: 20

poly: [0, 1, 3, 4, 5]
seed: [0, 0, 1, 0, 0, 0, 1]
scram: (6, 2, 0, 1, 5, 4, 3)
value: 20

poly: [0, 1, 3, 4, 5]
seed: [0, 0, 1, 0, 0, 0, 1]
scram: (6, 2, 1, 0, 5, 3, 4)
value: 20

poly: [0, 1, 3, 4, 5]
seed: [0, 0, 1, 0, 0, 0, 1]
scram: (6, 2, 1, 0, 5, 4, 3)
value: 20

poly: [0, 1, 3, 4, 5]
seed: [0, 1, 0, 0, 0, 1, 0]
scram: (2, 0, 1, 6, 5, 3, 4)
value: 20

poly: [0, 1, 3, 4, 5]
seed: [0, 1, 0, 0, 0, 1, 0]
scram: (2, 0, 1, 6, 5, 4, 3)
value: 20

poly: [0, 1, 3, 4, 5]
seed: [0, 1, 0, 0, 0, 1, 0]
scram: (6, 0, 1, 2, 5, 3, 4)
value: 20

poly: [0, 1, 3, 4, 5]
seed: [0, 1, 0, 0, 0, 1, 0]
scram: (6, 0, 1, 2, 5, 4, 3)
value: 20

poly: [0, 1, 3, 4, 5]
seed: [0, 1, 0, 1, 0, 1, 0]
scram: (0, 1, 2, 3, 5, 4, 6)
value: 20

poly: [0, 1, 3, 4, 5]
seed: [0, 1, 0, 1, 0, 1, 0]
scram: (0, 1, 2, 3, 5, 6, 4)
value: 20

poly: [0, 1, 3, 4, 5]
seed: [0, 1, 0, 1, 0, 1, 0]
scram: (2, 3, 5, 1, 0, 4, 6)
value: 20

poly: [0, 1, 3, 4, 5]
seed: [0, 1, 0, 1, 0, 1, 0]
scram: (2, 3, 5, 1, 0, 6, 4)
value: 20

poly: [0, 1, 3, 4, 5]
seed: [1, 0, 0, 1, 0, 0, 0]
scram: (0, 1, 2, 6, 5, 3, 4)
value: 20

poly: [0, 1, 3, 4, 5]
seed: [1, 0, 0, 1, 0, 0, 0]
scram: (0, 1, 2, 6, 5, 4, 3)
value: 20

poly: [0, 1, 3, 4, 5]
seed: [1, 0, 0, 1, 0, 0, 0]
scram: (0, 2, 1, 6, 5, 3, 4)
value: 20

poly: [0, 1, 3, 4, 5]
seed: [1, 0, 0, 1, 0, 0, 0]
scram: (0, 2, 1, 6, 5, 4, 3)
value: 20

poly: [0, 1, 3, 4, 5]
seed: [1, 0, 0, 1, 0, 0, 0]
scram: (1, 2, 0, 6, 5, 3, 4)
value: 20

poly: [0, 1, 3, 4, 5]
seed: [1, 0, 0, 1, 0, 0, 0]
scram: (1, 2, 0, 6, 5, 4, 3)
value: 20

poly: [0, 1, 3, 4, 5]
seed: [1, 0, 0, 1, 0, 0, 0]
scram: (2, 1, 0, 6, 5, 3, 4)
value: 20

poly: [0, 1, 3, 4, 5]
seed: [1, 0, 0, 1, 0, 0, 0]
scram: (2, 1, 0, 6, 5, 4, 3)
value: 20

poly: [0, 1, 3, 4, 5]
seed: [1, 0, 1, 0, 1, 0, 1]
scram: (3, 2, 5, 1, 0, 4, 6)
value: 20

poly: [0, 1, 3, 4, 5]
seed: [1, 0, 1, 0, 1, 0, 1]
scram: (3, 2, 5, 1, 0, 6, 4)
value: 20

poly: [0, 1, 3, 4, 5]
seed: [1, 0, 1, 0, 1, 0, 1]
scram: (5, 3, 2, 1, 0, 4, 6)
value: 20

poly: [0, 1, 3, 4, 5]
seed: [1, 0, 1, 0, 1, 0, 1]
scram: (5, 3, 2, 1, 0, 6, 4)
value: 20

poly: [0, 2, 4]
seed: [0, 1, 1, 1, 1, 0, 1]
scram: (2, 5, 3, 1, 4, 0, 6)
value: 20

poly: [0, 2, 4]
seed: [0, 1, 1, 1, 1, 0, 1]
scram: (2, 5, 3, 1, 4, 6, 0)
value: 20

poly: [0, 2, 4]
seed: [1, 1, 1, 1, 0, 1, 0]
scram: (5, 2, 3, 1, 4, 0, 6)
value: 20

poly: [0, 2, 4]
seed: [1, 1, 1, 1, 0, 1, 0]
scram: (5, 2, 3, 1, 4, 6, 0)
value: 20

--------------end-------------

Process finished with exit code 0
