---------Priority queue-------
poly: [1]
seed: [1, 1, 1, 0, 1]
scram: (0, 1, 4, 2, 3)
value: 6.419354838709677

poly: [1]
seed: [1, 1, 1, 0, 1]
scram: (0, 1, 4, 3, 2)
value: 6.419354838709677

poly: [1]
seed: [0, 0, 0, 1, 0]
scram: (0, 1, 4, 2, 3)
value: 6.451612903225806

poly: [1]
seed: [0, 0, 0, 1, 0]
scram: (0, 1, 4, 3, 2)
value: 6.451612903225806

poly: [1]
seed: [1, 1, 1, 1, 0]
scram: (0, 1, 4, 2, 3)
value: 6.451612903225806

poly: [1]
seed: [1, 1, 1, 1, 0]
scram: (0, 1, 4, 3, 2)
value: 6.451612903225806

poly: [2]
seed: [0, 0, 1, 0, 0]
scram: (4, 3, 0, 1, 2)
value: 6.483870967741935

poly: [2]
seed: [0, 0, 1, 0, 0]
scram: (4, 3, 0, 2, 1)
value: 6.483870967741935

poly: [2]
seed: [1, 0, 1, 1, 1]
scram: (4, 3, 0, 1, 2)
value: 6.483870967741935

poly: [2]
seed: [1, 0, 1, 1, 1]
scram: (4, 3, 0, 2, 1)
value: 6.483870967741935

poly: [1]
seed: [1, 1, 0, 1, 1]
scram: (0, 1, 4, 2, 3)
value: 6.516129032258065

poly: [1]
seed: [1, 1, 0, 1, 1]
scram: (0, 1, 4, 3, 2)
value: 6.516129032258065

poly: [2]
seed: [0, 1, 0, 0, 0]
scram: (4, 3, 0, 1, 2)
value: 6.516129032258065

poly: [2]
seed: [0, 1, 0, 0, 0]
scram: (4, 3, 0, 2, 1)
value: 6.516129032258065

poly: [2]
seed: [1, 1, 0, 1, 0]
scram: (4, 3, 2, 0, 1)
value: 6.516129032258065

poly: [2]
seed: [1, 1, 0, 1, 0]
scram: (4, 3, 2, 1, 0)
value: 6.516129032258065

poly: [1]
seed: [0, 0, 0, 0, 1]
scram: (0, 1, 2, 3, 4)
value: 6.548387096774194

poly: [1]
seed: [0, 0, 0, 0, 1]
scram: (0, 1, 2, 4, 3)
value: 6.548387096774194

poly: [1]
seed: [0, 0, 0, 1, 0]
scram: (0, 1, 2, 3, 4)
value: 6.548387096774194

poly: [1]
seed: [0, 0, 0, 1, 0]
scram: (0, 1, 2, 4, 3)
value: 6.548387096774194

poly: [1]
seed: [0, 0, 1, 0, 0]
scram: (0, 1, 4, 2, 3)
value: 6.548387096774194

poly: [1]
seed: [0, 0, 1, 0, 0]
scram: (0, 1, 4, 3, 2)
value: 6.548387096774194

poly: [2]
seed: [0, 0, 1, 1, 1]
scram: (2, 3, 4, 0, 1)
value: 6.548387096774194

poly: [2]
seed: [0, 0, 1, 1, 1]
scram: (2, 3, 4, 1, 0)
value: 6.548387096774194

poly: [2]
seed: [0, 1, 1, 1, 1]
scram: (4, 3, 0, 1, 2)
value: 6.548387096774194

poly: [2]
seed: [0, 1, 1, 1, 1]
scram: (4, 3, 0, 2, 1)
value: 6.548387096774194

poly: [1]
seed: [0, 0, 0, 0, 1]
scram: (2, 1, 0, 3, 4)
value: 6.580645161290323

poly: [1]
seed: [0, 0, 0, 0, 1]
scram: (2, 1, 0, 4, 3)
value: 6.580645161290323

poly: [1]
seed: [1, 0, 1, 1, 1]
scram: (0, 1, 4, 2, 3)
value: 6.580645161290323

poly: [1]
seed: [1, 0, 1, 1, 1]
scram: (0, 1, 4, 3, 2)
value: 6.580645161290323

poly: [2]
seed: [0, 0, 0, 1, 1]
scram: (4, 3, 0, 1, 2)
value: 6.612903225806452

poly: [2]
seed: [0, 0, 0, 1, 1]
scram: (4, 3, 0, 2, 1)
value: 6.612903225806452

poly: [2]
seed: [0, 1, 0, 0, 0]
scram: (4, 3, 2, 0, 1)
value: 6.612903225806452

poly: [2]
seed: [0, 1, 0, 0, 0]
scram: (4, 3, 2, 1, 0)
value: 6.612903225806452

poly: [2]
seed: [1, 1, 0, 1, 1]
scram: (4, 3, 0, 1, 2)
value: 6.612903225806452

poly: [2]
seed: [1, 1, 0, 1, 1]
scram: (4, 3, 0, 2, 1)
value: 6.612903225806452

poly: [2]
seed: [1, 1, 1, 0, 1]
scram: (4, 3, 0, 1, 2)
value: 6.612903225806452

poly: [2]
seed: [1, 1, 1, 0, 1]
scram: (4, 3, 0, 2, 1)
value: 6.612903225806452

poly: [1]
seed: [0, 1, 1, 1, 0]
scram: (2, 1, 0, 3, 4)
value: 6.645161290322581

poly: [1]
seed: [0, 1, 1, 1, 0]
scram: (2, 1, 0, 4, 3)
value: 6.645161290322581

poly: [2]
seed: [0, 1, 1, 1, 0]
scram: (2, 3, 4, 0, 1)
value: 6.645161290322581

poly: [2]
seed: [0, 1, 1, 1, 0]
scram: (2, 3, 4, 1, 0)
value: 6.645161290322581

poly: [0, 1, 2]
seed: [1, 1, 0, 1, 1]
scram: (0, 4, 1, 2, 3)
value: 6.67741935483871

poly: [0, 1, 2]
seed: [1, 1, 0, 1, 1]
scram: (0, 4, 1, 3, 2)
value: 6.67741935483871

poly: [0, 1, 2]
seed: [1, 1, 1, 0, 1]
scram: (0, 4, 1, 2, 3)
value: 6.67741935483871

poly: [0, 1, 2]
seed: [1, 1, 1, 0, 1]
scram: (0, 4, 1, 3, 2)
value: 6.67741935483871

poly: [1]
seed: [0, 1, 0, 1, 1]
scram: (0, 1, 2, 3, 4)
value: 6.67741935483871

poly: [1]
seed: [0, 1, 0, 1, 1]
scram: (0, 1, 2, 4, 3)
value: 6.67741935483871

poly: [1]
seed: [0, 1, 1, 0, 1]
scram: (0, 1, 2, 3, 4)
value: 6.67741935483871

poly: [1]
seed: [0, 1, 1, 0, 1]
scram: (0, 1, 2, 4, 3)
value: 6.67741935483871

poly: [1]
seed: [0, 1, 1, 0, 1]
scram: (2, 1, 0, 3, 4)
value: 6.67741935483871

poly: [1]
seed: [0, 1, 1, 0, 1]
scram: (2, 1, 0, 4, 3)
value: 6.67741935483871

poly: [1]
seed: [0, 1, 1, 1, 0]
scram: (0, 1, 2, 3, 4)
value: 6.67741935483871

poly: [1]
seed: [0, 1, 1, 1, 0]
scram: (0, 1, 2, 4, 3)
value: 6.67741935483871

poly: [1]
seed: [1, 1, 0, 1, 1]
scram: (0, 1, 2, 3, 4)
value: 6.67741935483871

poly: [1]
seed: [1, 1, 0, 1, 1]
scram: (0, 1, 2, 4, 3)
value: 6.67741935483871

poly: [2]
seed: [0, 1, 1, 1, 0]
scram: (4, 3, 2, 0, 1)
value: 6.67741935483871

poly: [2]
seed: [0, 1, 1, 1, 0]
scram: (4, 3, 2, 1, 0)
value: 6.67741935483871

poly: [2]
seed: [1, 0, 0, 0, 0]
scram: (4, 3, 2, 0, 1)
value: 6.67741935483871

poly: [2]
seed: [1, 0, 0, 0, 0]
scram: (4, 3, 2, 1, 0)
value: 6.67741935483871

poly: [2]
seed: [1, 0, 1, 1, 0]
scram: (2, 3, 4, 0, 1)
value: 6.67741935483871

poly: [2]
seed: [1, 0, 1, 1, 0]
scram: (2, 3, 4, 1, 0)
value: 6.67741935483871

poly: [1, 2, 3]
seed: [1, 1, 0, 1, 1]
scram: (4, 0, 3, 1, 2)
value: 6.709677419354839

poly: [1, 2, 3]
seed: [1, 1, 0, 1, 1]
scram: (4, 0, 3, 2, 1)
value: 6.709677419354839

poly: [1]
seed: [1, 0, 1, 1, 1]
scram: (0, 1, 2, 3, 4)
value: 6.709677419354839

poly: [1]
seed: [1, 0, 1, 1, 1]
scram: (0, 1, 2, 4, 3)
value: 6.709677419354839

poly: [1]
seed: [1, 1, 1, 0, 0]
scram: (0, 1, 4, 2, 3)
value: 6.709677419354839

poly: [1]
seed: [1, 1, 1, 0, 0]
scram: (0, 1, 4, 3, 2)
value: 6.709677419354839

poly: [1]
seed: [1, 1, 1, 0, 0]
scram: (2, 1, 0, 3, 4)
value: 6.709677419354839

poly: [1]
seed: [1, 1, 1, 0, 0]
scram: (2, 1, 0, 4, 3)
value: 6.709677419354839

poly: [2]
seed: [0, 0, 1, 1, 1]
scram: (4, 3, 0, 1, 2)
value: 6.709677419354839

poly: [2]
seed: [0, 0, 1, 1, 1]
scram: (4, 3, 0, 2, 1)
value: 6.709677419354839

poly: [2]
seed: [1, 0, 0, 0, 0]
scram: (2, 3, 4, 0, 1)
value: 6.709677419354839

poly: [2]
seed: [1, 0, 0, 0, 0]
scram: (2, 3, 4, 1, 0)
value: 6.709677419354839

poly: [2]
seed: [1, 0, 1, 1, 0]
scram: (4, 3, 2, 0, 1)
value: 6.709677419354839

poly: [2]
seed: [1, 0, 1, 1, 0]
scram: (4, 3, 2, 1, 0)
value: 6.709677419354839

poly: [2]
seed: [1, 1, 0, 1, 1]
scram: (4, 3, 2, 0, 1)
value: 6.709677419354839

poly: [2]
seed: [1, 1, 0, 1, 1]
scram: (4, 3, 2, 1, 0)
value: 6.709677419354839

poly: [2]
seed: [1, 1, 1, 0, 1]
scram: (4, 3, 2, 0, 1)
value: 6.709677419354839

poly: [2]
seed: [1, 1, 1, 0, 1]
scram: (4, 3, 2, 1, 0)
value: 6.709677419354839

poly: [1]
seed: [0, 0, 0, 1, 0]
scram: (2, 1, 0, 3, 4)
value: 6.741935483870968

poly: [1]
seed: [0, 0, 0, 1, 0]
scram: (2, 1, 0, 4, 3)
value: 6.741935483870968

poly: [1]
seed: [0, 1, 1, 1, 1]
scram: (2, 1, 0, 3, 4)
value: 6.741935483870968

poly: [1]
seed: [0, 1, 1, 1, 1]
scram: (2, 1, 0, 4, 3)
value: 6.741935483870968

poly: [1]
seed: [1, 1, 0, 0, 0]
scram: (0, 1, 4, 2, 3)
value: 6.741935483870968

poly: [1]
seed: [1, 1, 0, 0, 0]
scram: (0, 1, 4, 3, 2)
value: 6.741935483870968

poly: [2]
seed: [0, 0, 1, 1, 0]
scram: (4, 3, 2, 0, 1)
value: 6.741935483870968

poly: [2]
seed: [0, 0, 1, 1, 0]
scram: (4, 3, 2, 1, 0)
value: 6.741935483870968

poly: [2]
seed: [0, 1, 0, 0, 0]
scram: (2, 3, 4, 0, 1)
value: 6.741935483870968

poly: [2]
seed: [0, 1, 0, 0, 0]
scram: (2, 3, 4, 1, 0)
value: 6.741935483870968

poly: [1, 2, 3]
seed: [1, 1, 0, 1, 0]
scram: (4, 0, 3, 1, 2)
value: 6.774193548387097

poly: [1, 2, 3]
seed: [1, 1, 0, 1, 0]
scram: (4, 0, 3, 2, 1)
value: 6.774193548387097

poly: [1]
seed: [1, 1, 1, 1, 0]
scram: (0, 1, 2, 3, 4)
value: 6.774193548387097

poly: [1]
seed: [1, 1, 1, 1, 0]
scram: (0, 1, 2, 4, 3)
value: 6.774193548387097

poly: [1]
seed: [0, 0, 0, 0, 1]
scram: (0, 1, 4, 2, 3)
value: 6.806451612903226

poly: [1]
seed: [0, 0, 0, 0, 1]
scram: (0, 1, 4, 3, 2)
value: 6.806451612903226

poly: [1]
seed: [1, 1, 1, 0, 0]
scram: (0, 1, 2, 3, 4)
value: 6.806451612903226

poly: [1]
seed: [1, 1, 1, 0, 0]
scram: (0, 1, 2, 4, 3)
value: 6.806451612903226

poly: [2]
seed: [0, 1, 1, 0, 1]
scram: (4, 3, 0, 1, 2)
value: 6.806451612903226

poly: [2]
seed: [0, 1, 1, 0, 1]
scram: (4, 3, 0, 2, 1)
value: 6.806451612903226

poly: [2]
seed: [0, 1, 1, 1, 1]
scram: (2, 3, 4, 0, 1)
value: 6.806451612903226

poly: [2]
seed: [0, 1, 1, 1, 1]
scram: (2, 3, 4, 1, 0)
value: 6.806451612903226

poly: [2]
seed: [1, 0, 0, 1, 1]
scram: (4, 3, 0, 1, 2)
value: 6.806451612903226

poly: [2]
seed: [1, 0, 0, 1, 1]
scram: (4, 3, 0, 2, 1)
value: 6.806451612903226

poly: [2]
seed: [1, 1, 1, 1, 0]
scram: (2, 3, 4, 0, 1)
value: 6.806451612903226

poly: [2]
seed: [1, 1, 1, 1, 0]
scram: (2, 3, 4, 1, 0)
value: 6.806451612903226

poly: [0, 1, 2]
seed: [1, 1, 0, 1, 1]
scram: (3, 4, 0, 1, 2)
value: 6.838709677419355

poly: [0, 1, 2]
seed: [1, 1, 0, 1, 1]
scram: (3, 4, 0, 2, 1)
value: 6.838709677419355

poly: [0, 2, 3]
seed: [1, 1, 1, 1, 0]
scram: (0, 1, 2, 3, 4)
value: 6.838709677419355

poly: [0, 2, 3]
seed: [1, 1, 1, 1, 0]
scram: (0, 1, 2, 4, 3)
value: 6.838709677419355

poly: [1, 2, 3]
seed: [1, 0, 1, 1, 1]
scram: (4, 0, 3, 1, 2)
value: 6.838709677419355

poly: [1, 2, 3]
seed: [1, 0, 1, 1, 1]
scram: (4, 0, 3, 2, 1)
value: 6.838709677419355

poly: [1]
seed: [0, 1, 1, 0, 0]
scram: (0, 1, 2, 3, 4)
value: 6.838709677419355

poly: [1]
seed: [0, 1, 1, 0, 0]
scram: (0, 1, 2, 4, 3)
value: 6.838709677419355
