C:\Users\11741\PycharmProjects\Stochastic_computing\venv\Scripts\python.exe C:/Users/11741/PycharmProjects/Stochastic_computing/Studies/Progressive_precision/Evaluate_function__point_distribution.py
N = 5
polynomials = [[0, 1, 2], [0, 1, 3], [0, 2, 3], [1, 2, 3], [1], [2]]
seeds = [[0, 0, 0, 0, 1], [0, 0, 0, 1, 0], [0, 0, 0, 1, 1], [0, 0, 1, 0, 0], [0, 0, 1, 0, 1], [0, 0, 1, 1, 0], [0, 0, 1, 1, 1], [0, 1, 0, 0, 0], [0, 1, 0, 0, 1], [0, 1, 0, 1, 0], [0, 1, 0, 1, 1], [0, 1, 1, 0, 0], [0, 1, 1, 0, 1], [0, 1, 1, 1, 0], [0, 1, 1, 1, 1], [1, 0, 0, 0, 0], [1, 0, 0, 0, 1], [1, 0, 0, 1, 0], [1, 0, 0, 1, 1], [1, 0, 1, 0, 0], [1, 0, 1, 0, 1], [1, 0, 1, 1, 0], [1, 0, 1, 1, 1], [1, 1, 0, 0, 0], [1, 1, 0, 0, 1], [1, 1, 0, 1, 0], [1, 1, 0, 1, 1], [1, 1, 1, 0, 0], [1, 1, 1, 0, 1], [1, 1, 1, 1, 0], [1, 1, 1, 1, 1]]
scramblings = [(0, 1, 2, 3, 4), (0, 1, 2, 4, 3), (0, 1, 3, 2, 4), (0, 1, 3, 4, 2), (0, 1, 4, 2, 3), (0, 1, 4, 3, 2), (0, 2, 1, 3, 4), (0, 2, 1, 4, 3), (0, 2, 3, 1, 4), (0, 2, 3, 4, 1), (0, 2, 4, 1, 3), (0, 2, 4, 3, 1), (0, 3, 1, 2, 4), (0, 3, 1, 4, 2), (0, 3, 2, 1, 4), (0, 3, 2, 4, 1), (0, 3, 4, 1, 2), (0, 3, 4, 2, 1), (0, 4, 1, 2, 3), (0, 4, 1, 3, 2), (0, 4, 2, 1, 3), (0, 4, 2, 3, 1), (0, 4, 3, 1, 2), (0, 4, 3, 2, 1), (1, 0, 2, 3, 4), (1, 0, 2, 4, 3), (1, 0, 3, 2, 4), (1, 0, 3, 4, 2), (1, 0, 4, 2, 3), (1, 0, 4, 3, 2), (1, 2, 0, 3, 4), (1, 2, 0, 4, 3), (1, 2, 3, 0, 4), (1, 2, 3, 4, 0), (1, 2, 4, 0, 3), (1, 2, 4, 3, 0), (1, 3, 0, 2, 4), (1, 3, 0, 4, 2), (1, 3, 2, 0, 4), (1, 3, 2, 4, 0), (1, 3, 4, 0, 2), (1, 3, 4, 2, 0), (1, 4, 0, 2, 3), (1, 4, 0, 3, 2), (1, 4, 2, 0, 3), (1, 4, 2, 3, 0), (1, 4, 3, 0, 2), (1, 4, 3, 2, 0), (2, 0, 1, 3, 4), (2, 0, 1, 4, 3), (2, 0, 3, 1, 4), (2, 0, 3, 4, 1), (2, 0, 4, 1, 3), (2, 0, 4, 3, 1), (2, 1, 0, 3, 4), (2, 1, 0, 4, 3), (2, 1, 3, 0, 4), (2, 1, 3, 4, 0), (2, 1, 4, 0, 3), (2, 1, 4, 3, 0), (2, 3, 0, 1, 4), (2, 3, 0, 4, 1), (2, 3, 1, 0, 4), (2, 3, 1, 4, 0), (2, 3, 4, 0, 1), (2, 3, 4, 1, 0), (2, 4, 0, 1, 3), (2, 4, 0, 3, 1), (2, 4, 1, 0, 3), (2, 4, 1, 3, 0), (2, 4, 3, 0, 1), (2, 4, 3, 1, 0), (3, 0, 1, 2, 4), (3, 0, 1, 4, 2), (3, 0, 2, 1, 4), (3, 0, 2, 4, 1), (3, 0, 4, 1, 2), (3, 0, 4, 2, 1), (3, 1, 0, 2, 4), (3, 1, 0, 4, 2), (3, 1, 2, 0, 4), (3, 1, 2, 4, 0), (3, 1, 4, 0, 2), (3, 1, 4, 2, 0), (3, 2, 0, 1, 4), (3, 2, 0, 4, 1), (3, 2, 1, 0, 4), (3, 2, 1, 4, 0), (3, 2, 4, 0, 1), (3, 2, 4, 1, 0), (3, 4, 0, 1, 2), (3, 4, 0, 2, 1), (3, 4, 1, 0, 2), (3, 4, 1, 2, 0), (3, 4, 2, 0, 1), (3, 4, 2, 1, 0), (4, 0, 1, 2, 3), (4, 0, 1, 3, 2), (4, 0, 2, 1, 3), (4, 0, 2, 3, 1), (4, 0, 3, 1, 2), (4, 0, 3, 2, 1), (4, 1, 0, 2, 3), (4, 1, 0, 3, 2), (4, 1, 2, 0, 3), (4, 1, 2, 3, 0), (4, 1, 3, 0, 2), (4, 1, 3, 2, 0), (4, 2, 0, 1, 3), (4, 2, 0, 3, 1), (4, 2, 1, 0, 3), (4, 2, 1, 3, 0), (4, 2, 3, 0, 1), (4, 2, 3, 1, 0), (4, 3, 0, 1, 2), (4, 3, 0, 2, 1), (4, 3, 1, 0, 2), (4, 3, 1, 2, 0), (4, 3, 2, 0, 1), (4, 3, 2, 1, 0)]
Now: [0, 1, 2]
Now: [0, 1, 3]
Now: [0, 2, 3]
Now: [1, 2, 3]
Now: [1]
Now: [2]
---------Priority queue-------
poly: [1]
seed: [0, 0, 0, 0, 1]
scram: (0, 1, 2, 3, 4)
value: 9.548387096774194

poly: [1]
seed: [0, 0, 0, 0, 1]
scram: (0, 1, 2, 4, 3)
value: 9.548387096774194

poly: [1]
seed: [1, 0, 0, 0, 0]
scram: (2, 1, 0, 3, 4)
value: 9.870967741935484

poly: [1]
seed: [1, 0, 0, 0, 0]
scram: (2, 1, 0, 4, 3)
value: 9.870967741935484

poly: [1, 2, 3]
seed: [1, 0, 1, 1, 0]
scram: (4, 0, 3, 1, 2)
value: 9.903225806451612

poly: [1, 2, 3]
seed: [1, 0, 1, 1, 0]
scram: (4, 0, 3, 2, 1)
value: 9.903225806451612

poly: [1, 2, 3]
seed: [1, 0, 1, 1, 0]
scram: (0, 4, 3, 1, 2)
value: 9.967741935483872

poly: [1, 2, 3]
seed: [1, 0, 1, 1, 0]
scram: (0, 4, 3, 2, 1)
value: 9.967741935483872

poly: [1]
seed: [1, 1, 0, 1, 1]
scram: (2, 1, 0, 3, 4)
value: 10.129032258064516

poly: [1]
seed: [1, 1, 0, 1, 1]
scram: (2, 1, 0, 4, 3)
value: 10.129032258064516

poly: [0, 1, 2]
seed: [0, 0, 1, 1, 1]
scram: (3, 4, 2, 0, 1)
value: 10.32258064516129

poly: [0, 1, 2]
seed: [0, 0, 1, 1, 1]
scram: (3, 4, 2, 1, 0)
value: 10.32258064516129

poly: [1, 2, 3]
seed: [1, 1, 1, 1, 1]
scram: (1, 0, 4, 2, 3)
value: 10.32258064516129

poly: [1, 2, 3]
seed: [1, 1, 1, 1, 1]
scram: (1, 0, 4, 3, 2)
value: 10.32258064516129

poly: [0, 2, 3]
seed: [0, 1, 1, 1, 0]
scram: (0, 1, 2, 3, 4)
value: 10.35483870967742

poly: [0, 2, 3]
seed: [0, 1, 1, 1, 0]
scram: (0, 1, 2, 4, 3)
value: 10.35483870967742

poly: [2]
seed: [1, 0, 1, 1, 1]
scram: (4, 3, 0, 1, 2)
value: 10.483870967741936

poly: [2]
seed: [1, 0, 1, 1, 1]
scram: (4, 3, 0, 2, 1)
value: 10.483870967741936

poly: [1]
seed: [0, 1, 1, 1, 0]
scram: (0, 4, 1, 2, 3)
value: 10.516129032258064

poly: [1]
seed: [0, 1, 1, 1, 0]
scram: (0, 4, 1, 3, 2)
value: 10.516129032258064

poly: [2]
seed: [1, 1, 0, 1, 0]
scram: (4, 3, 2, 0, 1)
value: 10.516129032258064

poly: [2]
seed: [1, 1, 0, 1, 0]
scram: (4, 3, 2, 1, 0)
value: 10.516129032258064

poly: [1, 2, 3]
seed: [0, 0, 1, 0, 1]
scram: (4, 0, 2, 1, 3)
value: 10.548387096774194

poly: [1, 2, 3]
seed: [0, 0, 1, 0, 1]
scram: (4, 0, 2, 3, 1)
value: 10.548387096774194

poly: [2]
seed: [0, 0, 1, 1, 1]
scram: (2, 3, 4, 0, 1)
value: 10.548387096774194

poly: [2]
seed: [0, 0, 1, 1, 1]
scram: (2, 3, 4, 1, 0)
value: 10.548387096774194

poly: [1]
seed: [1, 0, 1, 1, 1]
scram: (0, 1, 4, 2, 3)
value: 10.580645161290324

poly: [1]
seed: [1, 0, 1, 1, 1]
scram: (0, 1, 4, 3, 2)
value: 10.580645161290324

poly: [1]
seed: [1, 1, 1, 1, 1]
scram: (1, 0, 4, 2, 3)
value: 10.64516129032258

poly: [1]
seed: [1, 1, 1, 1, 1]
scram: (1, 0, 4, 3, 2)
value: 10.64516129032258

poly: [2]
seed: [0, 1, 1, 1, 0]
scram: (2, 3, 4, 0, 1)
value: 10.64516129032258

poly: [2]
seed: [0, 1, 1, 1, 0]
scram: (2, 3, 4, 1, 0)
value: 10.64516129032258

poly: [0, 1, 3]
seed: [1, 0, 1, 1, 0]
scram: (2, 4, 1, 0, 3)
value: 10.67741935483871

poly: [0, 1, 3]
seed: [1, 0, 1, 1, 0]
scram: (2, 4, 1, 3, 0)
value: 10.67741935483871

poly: [1]
seed: [0, 1, 1, 0, 1]
scram: (0, 1, 2, 3, 4)
value: 10.67741935483871

poly: [1]
seed: [0, 1, 1, 0, 1]
scram: (0, 1, 2, 4, 3)
value: 10.67741935483871

poly: [1]
seed: [1, 1, 0, 1, 1]
scram: (0, 1, 2, 3, 4)
value: 10.67741935483871

poly: [1]
seed: [1, 1, 0, 1, 1]
scram: (0, 1, 2, 4, 3)
value: 10.67741935483871

poly: [2]
seed: [0, 1, 1, 0, 1]
scram: (0, 3, 4, 1, 2)
value: 10.67741935483871

poly: [2]
seed: [0, 1, 1, 0, 1]
scram: (0, 3, 4, 2, 1)
value: 10.67741935483871

poly: [1]
seed: [1, 0, 1, 1, 1]
scram: (0, 1, 2, 3, 4)
value: 10.70967741935484

poly: [1]
seed: [1, 0, 1, 1, 1]
scram: (0, 1, 2, 4, 3)
value: 10.70967741935484

poly: [2]
seed: [1, 1, 1, 0, 1]
scram: (4, 3, 2, 0, 1)
value: 10.70967741935484

poly: [2]
seed: [1, 1, 1, 0, 1]
scram: (4, 3, 2, 1, 0)
value: 10.70967741935484

poly: [2]
seed: [1, 1, 0, 1, 0]
scram: (2, 4, 3, 0, 1)
value: 10.741935483870968

poly: [2]
seed: [1, 1, 0, 1, 0]
scram: (2, 4, 3, 1, 0)
value: 10.741935483870968

poly: [1]
seed: [0, 0, 0, 0, 1]
scram: (0, 1, 4, 2, 3)
value: 10.806451612903226

poly: [1]
seed: [0, 0, 0, 0, 1]
scram: (0, 1, 4, 3, 2)
value: 10.806451612903226

poly: [2]
seed: [0, 1, 1, 1, 1]
scram: (2, 3, 4, 0, 1)
value: 10.806451612903226

poly: [2]
seed: [0, 1, 1, 1, 1]
scram: (2, 3, 4, 1, 0)
value: 10.806451612903226

poly: [0, 2, 3]
seed: [1, 1, 1, 1, 0]
scram: (0, 1, 2, 3, 4)
value: 10.838709677419356

poly: [0, 2, 3]
seed: [1, 1, 1, 1, 0]
scram: (0, 1, 2, 4, 3)
value: 10.838709677419356

poly: [1]
seed: [0, 1, 1, 1, 0]
scram: (0, 1, 4, 2, 3)
value: 10.838709677419356

poly: [1]
seed: [0, 1, 1, 1, 0]
scram: (0, 1, 4, 3, 2)
value: 10.838709677419356

poly: [2]
seed: [1, 0, 0, 0, 1]
scram: (4, 3, 0, 1, 2)
value: 10.870967741935484

poly: [2]
seed: [1, 0, 0, 0, 1]
scram: (4, 3, 0, 2, 1)
value: 10.870967741935484

poly: [2]
seed: [1, 1, 0, 1, 0]
scram: (4, 2, 3, 0, 1)
value: 10.870967741935484

poly: [2]
seed: [1, 1, 0, 1, 0]
scram: (4, 2, 3, 1, 0)
value: 10.870967741935484

poly: [0, 1, 2]
seed: [1, 1, 0, 1, 1]
scram: (0, 4, 3, 1, 2)
value: 10.903225806451612

poly: [0, 1, 2]
seed: [1, 1, 0, 1, 1]
scram: (0, 4, 3, 2, 1)
value: 10.903225806451612

poly: [1, 2, 3]
seed: [0, 1, 0, 1, 1]
scram: (1, 0, 4, 2, 3)
value: 10.935483870967742

poly: [1, 2, 3]
seed: [0, 1, 0, 1, 1]
scram: (1, 0, 4, 3, 2)
value: 10.935483870967742

poly: [1, 2, 3]
seed: [0, 1, 0, 1, 1]
scram: (4, 0, 1, 2, 3)
value: 10.967741935483872

poly: [1, 2, 3]
seed: [0, 1, 0, 1, 1]
scram: (4, 0, 1, 3, 2)
value: 10.967741935483872

poly: [2]
seed: [0, 0, 1, 1, 0]
scram: (4, 3, 0, 1, 2)
value: 10.967741935483872

poly: [2]
seed: [0, 0, 1, 1, 0]
scram: (4, 3, 0, 2, 1)
value: 10.967741935483872

poly: [1, 2, 3]
seed: [0, 1, 1, 0, 1]
scram: (4, 0, 3, 1, 2)
value: 11.0

poly: [1, 2, 3]
seed: [0, 1, 1, 0, 1]
scram: (4, 0, 3, 2, 1)
value: 11.0

poly: [2]
seed: [0, 1, 1, 0, 1]
scram: (3, 0, 4, 1, 2)
value: 11.0

poly: [2]
seed: [0, 1, 1, 0, 1]
scram: (3, 0, 4, 2, 1)
value: 11.0

poly: [1]
seed: [1, 0, 1, 1, 1]
scram: (2, 1, 0, 3, 4)
value: 11.032258064516128

poly: [1]
seed: [1, 0, 1, 1, 1]
scram: (2, 1, 0, 4, 3)
value: 11.032258064516128

poly: [0, 1, 2]
seed: [0, 0, 1, 0, 0]
scram: (4, 1, 3, 0, 2)
value: 11.064516129032258

poly: [0, 1, 2]
seed: [0, 0, 1, 0, 0]
scram: (4, 1, 3, 2, 0)
value: 11.064516129032258

poly: [1]
seed: [0, 1, 0, 0, 0]
scram: (2, 1, 0, 3, 4)
value: 11.064516129032258

poly: [1]
seed: [0, 1, 0, 0, 0]
scram: (2, 1, 0, 4, 3)
value: 11.064516129032258

poly: [1]
seed: [1, 1, 1, 1, 1]
scram: (2, 1, 0, 3, 4)
value: 11.064516129032258

poly: [1]
seed: [1, 1, 1, 1, 1]
scram: (2, 1, 0, 4, 3)
value: 11.064516129032258

poly: [1]
seed: [1, 1, 1, 1, 1]
scram: (0, 1, 4, 2, 3)
value: 11.096774193548388

poly: [1]
seed: [1, 1, 1, 1, 1]
scram: (0, 1, 4, 3, 2)
value: 11.096774193548388

poly: [2]
seed: [1, 0, 0, 0, 1]
scram: (4, 3, 2, 0, 1)
value: 11.129032258064516

poly: [2]
seed: [1, 0, 0, 0, 1]
scram: (4, 3, 2, 1, 0)
value: 11.129032258064516

poly: [2]
seed: [1, 1, 1, 0, 1]
scram: (2, 3, 4, 0, 1)
value: 11.129032258064516

poly: [2]
seed: [1, 1, 1, 0, 1]
scram: (2, 3, 4, 1, 0)
value: 11.129032258064516

poly: [2]
seed: [0, 0, 0, 1, 1]
scram: (2, 3, 4, 0, 1)
value: 11.161290322580644

poly: [2]
seed: [0, 0, 0, 1, 1]
scram: (2, 3, 4, 1, 0)
value: 11.161290322580644

poly: [0, 1, 3]
seed: [1, 0, 0, 0, 1]
scram: (4, 3, 2, 0, 1)
value: 11.193548387096774

poly: [0, 1, 3]
seed: [1, 0, 0, 0, 1]
scram: (4, 3, 2, 1, 0)
value: 11.193548387096774

poly: [1]
seed: [0, 0, 0, 1, 1]
scram: (0, 1, 2, 3, 4)
value: 11.193548387096774

poly: [1]
seed: [0, 0, 0, 1, 1]
scram: (0, 1, 2, 4, 3)
value: 11.193548387096774

poly: [2]
seed: [0, 0, 1, 1, 1]
scram: (3, 4, 0, 1, 2)
value: 11.225806451612904

poly: [2]
seed: [0, 0, 1, 1, 1]
scram: (3, 4, 0, 2, 1)
value: 11.225806451612904

poly: [2]
seed: [0, 1, 1, 0, 1]
scram: (4, 3, 2, 0, 1)
value: 11.225806451612904

poly: [2]
seed: [0, 1, 1, 0, 1]
scram: (4, 3, 2, 1, 0)
value: 11.225806451612904

poly: [0, 2, 3]
seed: [0, 1, 1, 1, 0]
scram: (1, 0, 2, 3, 4)
value: 11.258064516129032

poly: [0, 2, 3]
seed: [0, 1, 1, 1, 0]
scram: (1, 0, 2, 4, 3)
value: 11.258064516129032

poly: [0, 1, 3]
seed: [1, 0, 1, 1, 0]
scram: (1, 4, 2, 0, 3)
value: 11.290322580645162

--------------end-------------

Process finished with exit code 0
